0.1443799757117798
0.005262447712859263
0.5108622318175685
0.5540412899743624
0.7424099311833761
0.014168128457698017
0.37471326406692756
0.34759141816219136
0.7167723654027797
0.5273242477398462
0.15085683443529888
0.6335177438942113
0.45162596140871675
0.8081230603157469
0.38834165429766565
0.6695452705437862
0.9462960464174875
0.7911213061665092
0.7391715018216165
0.700040480367022
0.9043313992713534
0.7205505329914991
0.8938065038456349
0.699635676696802
0.8650654432600189
0.9117527998920524
0.4404263931992983
0.721764944002159
0.011604371879638375
0.12602887599514237
0.22520577519902849
0.8453649979759816
0.0008096073404398866
0.07893671569288895
0.657266225880448
0.7552287140736743
0.25759006881662394
0.9866414788827419
0.7046282552961813
0.3493455673998111
0.8869248414518959
0.0321144245041155
0.11550398056942383
0.2042909189043314
0.8166239373903657
0.2129267305356902
0.6542976656321684
0.46727836999055455
0.3264066927540143
0.6618540008096073
0.20024288220213196
0.42396437727702063
0.12494939954122251
0.12049655916880313
0.6885710430441236
0.7917959789502091
0.8046147618405074
0.048036702199433276
0.6599649170152476
0.01700175414923762
0.649574956146269
0.009175549858318715
0.8904331399271354
0.37241937660234786
0.1250843340979625
0.1335852111725813
0.9581702874106058
0.942922682498988
0.46390500607205504
0.9991903926595601
0.9218728916475509
0.42207529348266093
0.9417082714883281
0.34610713803805154
0.5727971933612198
0.5617325597085414
0.4884630953987316
0.38132505734718664
0.9889353663473216
0.9271353393604101
0.9325327216300094
0.45607880178113613
0.2400485764404264
0.2851167183915801
0.6567264876534881
0.7028741060585616
0.17919309135069492
0.3821346646876265
0.06746727836999056
0.5447308055593038
0.8392929429226825
0.41182026717042236
0.9469707192011875
0.8565645661854001
0.08716772365402779
0.4556739981109162
0.2007826204290919
0.4763189852921333
0.20334637700715152
0.7250033733639185
0.3257320199703144
0.5964107407907165
0.8522466603697206
0.6683308595331264
0.828498178383484
0.3647281068681689
0.37903116988260693
0.7664282822830927
0.34394818513021186
0.3633787613007691
0.24814464984482526
0.07043583861827014
0.8326811496424235
0.7704763189852921
0.7366077452435569
0.4513560922952368
0.7819457563081905
0.8491431655647012
0.3672918634462286
0.6277155579543922
0.8888139252462556
0.21535555255700986
0.8898934017001754
0.3200647685872352
0.046687356632033467
0.529078396977466
0.32100931048441506
0.13830792065848063
0.41627310754284175
0.37889623532586697
0.7533396302793145
0.0743489407637296
0.2122520577519903
0.5888544056132775
0.1192821481581433
0.57077317501012
0.36540277965186885
0.44447442990149777
0.11442450411550398
0.09958170287410606
0.6598299824585077
0.0039131021454594525
0.3799757117797868
0.8580488463095399
0.23114289569558763
0.42126568614222104
0.8631763594656592
0.728511671839158
0.6660369720685467
0.6059910943192551
0.7815409526379706
0.8098772095533666
0.5584941303467819
0.17433544730805559
0.9109431925516125
0.3618944811766293
0.10416947780326542
0.10484415058696532
0.17028741060585617
0.5182836324382675
0.2739171501821617
0.5703683713399001
0.32613682364053437
0.635676696802051
0.6610443934691674
0.12171097017946296
0.8063689110781271
0.21818917824854944
0.16475509377951694
0.9816489002833626
0.22034813115638915
0.3741735258399676
0.29523681014707864
0.6383753879368507
0.9228174335447308
0.5136958575091081
0.8289029820537039
0.40399406287950346
0.1878289029820537
0.21980839292942922
0.32181891782485494
0.21683983268114965
0.033868573741735256
0.28565645661854
0.7090810956686008
0.7812710835244906
0.7836999055458103
0.019295641613817298
0.872082040210498
0.5923627040885171
0.45958710025637567
0.5803535285386587
0.29469707192011874
0.586020779921738
0.8444204560788018
0.9091890433139928
0.19174200512751316
0.5993793010389961
0.14019700445284036
0.599514235595736
0.15328565645661854
0.8691134799622183
0.3044123600053974
0.528403724193766
0.2555660504655242
0.7903116988260693
0.6606395897989475
0.08244501416812845
0.9975711779786803
0.7648090676022129
0.18688436108487383
0.12818782890298205
0.43462420725947915
0.15895290783969776
0.4188368641209014
0.6275806233976522
0.8757252732424774
0.9457563081905276
0.7387666981513966
0.6607745243556875
0.09553366617190663
0.2671704223451626
0.9159357711509918
0.8461746053164215
0.07934151936310889
0.6965321818917825
0.564026447173121
0.7109701794629605
0.964512211577385
0.5580893266765619
0.13506949129672108
0.1021454594521657
0.9085143705302928
0.12629874510862232
0.2513830792065848
0.38456348670894613
0.30306301443799755
0.39751720415598435
0.5595736068007017
0.27904466333828093
0.06773714748347051
0.5709081095668601
0.378491431655647
0.7140736742679801
0.2655512076642828
0.7588719471056538
0.6109836729186344
0.2658210767777628
0.7850492511132101
0.15018216165159898
0.5680744838753204
0.10362973957630549
0.05248954257185265
0.09189043313992713
0.913776818243152
0.6367561732559709
0.7657536094993928
0.278504925111321
0.015382539468357846
0.49251113210093106
0.7739846174605316
0.07691269734178924
0.46093644582377546
0.7112400485764404
0.9906895155849413
0.09728781540952638
0.4373228983942788
0.4207259479152611
0.8108217514505465
0.650114694373229
0.061530157873431385
0.9688301173930643
0.9769261907974632
0.7622453110241533
0.9381999730130887
0.005802185939819187
0.5632168398326811
0.6324382674402914
0.34691674537849143
0.6513291053838888
0.1793280259074349
0.39522331669140465
0.3370665227364728
0.6958575091080825
0.4985831871542302
0.3629739576305492
0.20887869383349075
0.2616381055188234
0.3793010389960869
0.792605586290649
0.8831466738631764
0.6656321683983268
0.5667251383079207
0.9727432195385238
0.3564970989070301
0.5806233976521387
0.3208743759276751
0.12521926865470248
0.14667386317635947
0.2277695317770881
0.09404938604776683
0.12319525030360275
0.950344083119687
0.18378086627985427
0.8271488328160842
0.23384158683038725
0.6830387262177844
0.2551612467953043
0.7510457428147349
0.8518418566995007
0.6290649035217919
0.019700445284037242
0.9113479962218324
0.40116043718796385
0.9129672109027122
0.5582242612333018
0.14815814330049926
0.37174470381864794
0.05964107407907165
0.78558898934017
0.20253676966671164
0.6464714613412494
0.7081365537714208
0.6896505194980435
0.8965051949804345
0.9614087167723654
0.25705033058966403
0.9342868708676292
0.6262312778302523
0.7448387532046957
0.24976386452570504
0.22749966266360816
0.0678720820402105
0.5839967615706383
0.6480906760221292
0.8652003778167588
0.9248414518958306
0.7100256375657806
0.8728916475509378
0.6708946161111861
0.07718256645526919
0.4871137498313318
0.25043853730940496
0.292942922682499
0.4158683038726218
0.33963027931453244
0.9445418971798678
0.620968830117393
0.23438132505734718
0.7353933342328971
0.3335582242612333
0.3555525570098502
0.4890028336256915
0.4336796653622993
0.06733234381325057
0.5316421535555256
0.5696936985562002
0.2606935636216435
0.2876804749696397
0.9054108757252732
0.8252597490217245
0.05060045877749292
0.9086493050870328
0.13938739711240047
0.5209823235730671
0.535690190257725
0.9623532586695452
0.34867089461611117
0.821481581433005
0.6841182026717042
0.3598704628255296
0.9078396977465929
0.06085548508973148
0.9033868573741736
0.6289299689650519
0.006611793280259074
0.6417487518553502
0.250033733639185
0.25367696667116446
0.6070705707731751
0.886250168668196
0.9666711644852247
0.7675077587370126
0.4486574011604372
0.5201727162326272
0.457158278235056
0.34475779247065175
0.44191067332343814
0.8657401160437188
0.9771960599109432
0.7884226150317096
0.47739846174605316
0.3080555930373769
0.8817973282957765
0.5347456483605452
0.8707326946430981
0.46147618405073537
0.7635946565915531
0.06908649305087033
0.7017946296046418
0.07448387532046957
0.22534070975576845
0.8584536499797598
0.27040885170692214
0.2300634192416678
0.31655647011199567
0.7063824045338011
0.5194980434489272
0.39171501821616517
0.9967615706382404
0.6862771555795439
0.5692888948859803
0.221427607610309
0.478882741870193
0.4520307650789367
0.8473890163270814
0.1971393873971124
0.12292538119012279
0.9241667791121306
0.6445823775468897
0.5248954257185265
0.9152610983672919
0.7807313452975307
0.7313452975306977
0.9408986641478883
0.26757522601538253
0.9552017271623263
0.6549723384158683
0.5327216300094454
0.6744029145864255
0.4174875185535015
0.49669410335987046
0.17973282957765485
0.4344892727027392
0.14586425583591958
0.1492376197544191
0.4764539198488733
0.2164350290109297
0.9946026177304007
0.47685872351909325
0.2557009850222642
0.8034003508298475
0.9302388341654297
0.2335717177169073
0.656861422210228
0.7159627580623398
0.4487923357171772
0.5332613682364054
0.7267575226015383
0.4958844960194306
0.10120091755498584
0.8168938065038457
0.23910403454324652
0.1934961543651329
0.7695317770881123
0.6449871812171097
0.564161381729861
0.7240588314667387
0.23411145594386723
0.7092160302253407
0.7943597355282688
0.05329914991229254
0.17042234516259613
0.5313722844420457
0.5435163945486439
0.721495074888679
0.985427067872082
0.5868303872621778
0.9229523681014707
0.5267845095128862
0.0985022264201862
0.5551207664282822
0.8471191472136014
0.17096208338955607
0.5837268924571583
0.621913372014573
0.32600188908379435
0.6225880447982728
0.3914451491026852
0.9705842666306841
0.14707866684657941
0.2670354877884226
0.9028471191472136
0.5765753609499393
0.9282148158143301
0.037241937660234786
0.6128727567129942
0.4490622048306571
0.5594386722439617
0.26595601133450275
0.7981379031169883
0.4197814060180812
0.7192011874240993
0.7629199838078532
0.00364323303197949
0.3537984077722305
0.31885035757657537
0.92888948859803
0.10268519767912562
0.9608689785454054
0.20469572257455135
0.8558898934017002
0.02172446363513696
0.10767777627850493
0.4451491026851977
0.17986776413439481
0.44757792470651736
0.41546350020240186
0.30036432330319796
0.135744164080421
0.16758871947105652
0.25651059236270407
0.8819322628525166
0.5478343003643233
0.14033193900958035
0.6126028875995142
0.4228849008231008
0.020240183510997167
0.9637026042369451
0.47955741465389284
0.5174740250978276
0.19538523815949266
0.9527729051410067
0.4193766023478613
0.6799352314127648
0.9541222507084064
0.550263122385643
0.3759276750775874
0.46538928619619485
0.14316556470111996
0.8874645796788557
0.08446903251922817
0.19390095803535284
0.8087977330994468
0.4537849143165565
0.017541492376197544
0.7019295641613817
0.08757252732424774
0.4949399541222507
0.009580353528538659
0.9296990959384699
0.18121710970179464
0.578464444744299
0.11145594386722439
0.8116313587909864
0.728646606395898
0.6791256240723249
0.8755903386857374
0.9326676561867494
0.4691674537849143
0.5096478208069086
0.4362434219403589
0.31601673188503576
0.6540277965186885
0.44110106598299825
0.7872082040210497
0.35960059371204967
0.8816623937390365
0.521656996356767
0.6011334502766158
0.31034948050195654
0.1043044123600054
0.11793280259074349
0.4398866549723384
0.6694103359870462
0.9332073944137094
0.521522061800027
0.5880447982728376
0.040750236135474294
0.9531777088112265
0.4586425583591958
0.4887329645122116
0.40750236135474294
0.5281338550802861
0.2293887464579679
0.25111321009310483
0.35838618270138983
0.763864525705033
0.09526379705842666
0.24099311833760625
0.37673728241802723
0.5439211982188639
0.7607610309000135
0.7942248009715288
0.04021049790851437
0.9008231007961139
0.38024558089326677
0.8842261503170962
0.7703413844285522
0.7235190932397787
0.18175684792875454
0.6308190527594116
0.18985292133315343
0.41613817298610173
0.3658075833220888
0.48374038591283225
0.9232222372149508
0.5529618135204426
0.6377007151531507
0.85737417352584
0.1656996356766968
0.07326946430980974
0.10754284172176494
0.4320604506814195
0.9102685197679126
0.2964512211577385
0.7561732559708542
0.34921063284307113
0.8738361894481177
0.7625151801376332
0.964377277020645
0.5450006746727837
0.8654702469302389
0.9510187559033868
0.2492241262987451
0.17514505464849547
0.9894751045742814
0.9794899473755229
0.01092969909593847
0.06058561597625152
0.8772095533666172
0.08973148023208743
0.7043583861827014
0.32316826339225474
0.3477263527189313
0.7298610174065578
0.7969234921063284
0.30198353798407773
0.29280798812575903
0.4027796518688436
0.0700310349480502
0.7934151936310889
0.9616785858858453
0.28322763459722033
0.47348535960059374
0.92848468492781
0.06341924166779112
0.1520712454459587
0.7513156119282148
0.8780191607070571
0.16826339225475645
0.3219538523815949
0.2299284846849278
0.3034678181082175
0.43678316016731883
0.3683713399001484
0.7324247739846175
0.04560788017811362
0.4243691809472406
0.164215355552557
0.9292942922682499
0.14195115369046013
0.7696667116448522
0.6580758332208879
0.8337606260963433
0.8751855350155174
0.8934017001754149
0.6603697206854675
0.056267710160572124
0.45837268924571584
0.46255566050465524
0.8683038726217784
0.22588044798272838
0.9108082579948725
0.3488058291728512
0.8345702334367832
0.9537174470381865
0.5109971663743085
0.5671299419781406
0.012009175549858319
0.16529483200647685
0.03400350829847524
0.2987451086223182
0.978680340035083
0.9323977870732695
0.44299014977735796
0.9704493320739441
0.13399001484280124
0.9974362434219404
0.7517204155984347
0.9172851167183916
0.9770611253542032
0.7753339630279314
0.2077992173795709
0.15692888948859804
0.22250708406422884
0.5835919579004183
0.6088247200107948
0.0564026447173121
0.471461341249494
0.7321549048711375
0.019430576170557278
0.885170692214276
0.8619619484549993
0.6107138038051545
0.23964377277020646
0.24585076238024559
0.8479287545540413
0.24949399541222508
0.2013223586560518
0.528673593307246
0.2817433544730806
0.3295101875590339
0.9628929968965052
0.40102550263122383
0.899878558898934
0.2886250168668196
0.9970314397517204
0.7124544595871003
0.1084873836189448
0.5236810147078667
0.7974632303332884
0.3543381459991904
0.37120496559168803
0.00728646606395898
0.707192011874241
0.5980299554715963
0.009310484415058697
0.9035217919309135
0.6420186209688301
0.2762110376467413
0.792875455404129
0.9093239778707327
0.2048306571312913
0.8689785454054784
0.2913237080016192
0.2588044798272838
0.10443934691674538
0.13102145459452166
0.7094858993388207
0.8205370395358251
0.5924976386452571
0.47267575226015385
0.849952772905141
0.44582377546889757
0.24531102415328565
0.7955741465389287
0.17109701794629606
0.5968155444609364
0.8915126163810552
0.4771285926325732
0.28187828902982054
0.34259883956281206
0.23249224126298745
0.5521522061800027
0.5591688031304817
0.23977870732694642
0.25893941438402374
0.11752799892052354
0.40062069896100394
0.8606126028875996
0.4798272837673728
0.5436513291053839
0.7345837268924572
0.2550263122385643
0.7379570908109567
0.5822426123330184
0.47793819997301307
0.36041020105248955
0.9601943057617056
0.1392524625556605
0.5078936715692889
0.26609094589124277
0.8112265551207665
0.6893806503845635
0.8703278909728781
0.4222102280394009
0.9547969234921063
0.6157063824045338
0.7239238969099987
0.22102280394008905
0.43961678585885844
0.64323303197949
0.3940089056807448
0.2192686547024693
0.2694643098097423
0.13844285521522062
0.42936175954661987
0.6484954796923492
0.9044663338280934
0.7336391849952772
0.16340574821211712
0.8507623802455809
0.5243556874915666
0.8629064903521791
0.7023343678316016
0.12683848333558223
0.30373768722169747
0.4629604641748752
0.907569828633113
0.034678181082175144
0.364188368641209
0.3266765618674943
0.6880313048171637
0.7394413709350964
0.7262177843745783
0.4435298880043179
0.02280394008905681
0.21238699230873026
0.6019430576170557
0.38888139252462556
0.7218998785588989
0.024693023883416543
0.3956281203616246
0.3763324787478073
0.5046552422075293
0.9519632978005668
0.34084469032519227
0.06233976521387127
0.04736202941573337
0.5945216569963567
0.6690055323168264
0.8939414384023748
0.7127243287005802
0.13466468762650113
0.0628795034408312
0.09971663743084604
0.6729186344622858
0.27351234651194173
0.5311024153285656
0.5173390905410876
0.18229658615571448
0.6831736607745243
0.26824989879908245
0.02064498718121711
0.0029685602482795843
0.28835514775333965
0.9708541357441641
0.17325597085413574
0.8062339765213872
0.2051005262447713
0.8951558494130347
0.8305221967345837
0.5610578869248415
0.4230198353798408
0.033328835514775335
0.23330184860342734
0.6306841182026717
0.17676426932937525
0.14653892861961948
0.21468087977330993
0.8244501416812846
0.9720685467548239
0.29105383888813924
0.23262717581972744
0.5652408581837809
0.828768047496964
0.3909054108757253
0.9182296586155715
0.06868168938065039
0.6625286735933072
0.2656861422210228
0.7719605991094319
0.8805829172851167
0.4169477803265416
0.4443394953447578
0.10133585211172581
0.8299824585076238
0.5087032789097288
0.34462285791391173
0.42882202131965996
0.5961408716772365
0.8260693563621644
0.12913237080016193
0.5262447712859263
0.04614761840507354
0.47672378896235323
0.24261233301848603
0.5338011064633653
0.779112130616651
0.5742814734853596
0.7057077317501012
0.4540547834300364
0.04371879638375388
0.24112805289434625
0.3898259344218054
0.8135204425853461
0.9118877344487923
0.4535150452030765
0.9913641883686413
0.16273107542841722
0.78531912022669
0.1763594656591553
0.10727297260828499
0.40588314667386316
0.37107003103494807
0.9941978140601808
0.4375927675077587
0.44690325192281743
0.350020240183511
0.9523681014707867
0.3801106463365268
0.871137498313318
0.5007421400620699
0.5723923896909998
0.5224666036972069
0.6796653622992849
0.92794494670085
0.01106463365267845
0.07367426798002968
0.14680879773309943
0.2408581837808663
0.3636486304142491
0.2743219538523816
0.6096343273512347
0.13493455673998112
0.08905680744838754
0.6389151261638105
0.9751720415598435
0.5920928349750371
0.4334097962488193
0.04115503980569424
0.9924436648225611
0.26744029145864257
0.9421130751585481
0.385373094049386
0.38159492646066656
0.015112670354877884
0.4663338280933747
0.23478612872756713
0.7746592902442315
0.14235595736068007
0.8089326676561868
0.46687356632033467
0.2871407367426798
0.8530562677101605
0.7468627715557954
0.44609364458237755
0.271488328160842
0.3347726352718931
0.4733504250438537
0.9153960329240318
0.7938199973013088
0.0009445418971798677
0.09202536769666711
0.9268654702469302
0.9063554176224531
0.9168803130481716
0.9377951693428687
0.9665362299284846
0.7544191067332344
0.17905815679395493
0.36904601268384835
0.7978680340035083
0.39360410201052487
0.1800026986911348
0.4606665767102955
0.685062744568884
0.4514910268519768
0.7950344083119687
0.11874240993118337
0.5184185669950074
0.2870058021859398
0.8399676157063825
0.4772635271893132
0.2949669410335987
0.6121980839292943
0.3836189448117663
0.2114424504115504
0.5103224935906086
0.5016866819592498
0.6640129537174471
0.4096613142625826
0.7375522871407367
0.542976656321684
0.6691404668735663
0.907030090406153
0.9823235730670625
0.28579139117527996
0.7221697476723788
0.05087032789097288
0.9348266090945891
0.6785858858453649
0.8232357306706247
0.8542706787208204
0.864660639589799
0.8724868438807178
0.6316286600998515
0.2683848333558224
0.03373363918499528
0.2725678046147618
0.4394818513021185
0.6301443799757118
0.12440966131426258
0.06814195115369046
0.6101740655781945
0.18728916475509377
0.16745378491431656
0.24342194035892592
0.6123330184860343
0.39670759681554446
0.48104169477803266
0.6614491971393874
0.16097692619079745
0.6151666441775738
0.671569288894886
0.14262582647416003
0.8351099716637431
0.00607205505329915
0.5893941438402375
